-1.918051193684638056e+00
1.131599041386185833e+00
-1.208910658494282808e+00
9.680271401538349529e-01
-1.359163128453592106e+00
-1.386280052230670412e+00
8.238511186570943723e-01
-1.222199880681168332e-01
1.599649710335609987e+00
7.089092082380492599e-01
3.078177214208867585e-01
-1.115137506678654633e+00
9.966297507660855093e-01
1.028221863092295463e+00
-2.331854785176755485e+00
-1.130728663713095328e+00
2.012796268720399517e+00
1.727403834134027261e-01
1.629012480914055816e+00
-1.917153983640078163e+00
-4.231543176079275992e-01
-1.868011819038671195e+00
-9.217008678398013605e-03
6.686525425532889866e-01
2.410787818561956758e-02
-5.541957327212002071e-02
3.293308243859344731e-01
-9.638359336506322483e-01
-7.749006603202988064e-01
5.818894125794308314e-01
2.457574566647953429e-01
2.399116771629901113e+00
-5.844045533712252105e-01
-9.744238530055854275e-02
-5.662299201334333176e-01
-5.669654395094042565e-01
-9.915660159477328317e-02
1.051136797480066581e-01
1.667234311156282067e-01
-2.834434302920077475e-01
1.530245462921837607e-01
-4.848730858318724968e-01
1.414774898293736927e-01
-3.528907828611225206e-01
-2.261834542539687687e-01
-3.693144091678977059e-01
6.218001681025201455e-01
-3.016114946364604199e-01
2.033100997943942112e-01
-1.007594744544918042e+00
6.867184675773142788e-02
1.621870269151999278e-01
-1.973605256400342289e-01
-5.211841240523246155e-01
4.894357132096927021e-02
1.854891837437972965e-02
-2.180179507602275912e-01
3.107653740751724070e-01
4.041922039815865758e-03
-4.243298667956617032e-01
2.966331235803611466e-01
-9.077465262325710160e-01
6.344408655327727908e-01
2.959178461869566568e-01
-1.770106403465196987e-01
6.584963889527737368e-01
1.569294964540646764e-01
3.774108131579306247e-01
1.921069717415360423e-01
-3.850797000308662787e-01
2.673791104865655410e-01
5.471893418349296073e-02
-9.172250490671550738e-01
2.337867984614049599e-01
2.663101679978480824e-02
-1.252252371571493245e-02
5.403071965649970387e-01
4.588149954616030923e-01
-9.888294521185418684e-02
6.944944325881878544e-02
-5.649139021941299577e-01
-1.909579261903898983e-01
-6.941303350582446186e-01
-1.923328924120809580e-01
-1.751238584563493128e-01
2.166298755632299067e-01
3.141955474278744775e-01
-8.846882337836942112e-02
1.550640753089213841e-01
3.285756042473420100e-03
2.864555156004306991e-01
1.599469661602852533e-01
2.026002355783880771e-01
-4.080206092060095768e-01
1.279984085846709030e-01
-2.839011345781436435e-01
3.429910520353534054e-01
-1.699043624799701033e-03
7.646126490041718626e-02
3.482889423856598832e-01
3.885990858574066564e-01
2.225952412774457045e-01
-4.089504843557295599e-01
-4.246757479291869974e-01
8.551638650346176096e-01
1.245937940587723780e+00
8.825036475354685050e-01
3.763662046366983427e-01
-9.123020048390443337e-01
-4.862055626285654436e-02
-6.664123794305372439e-03
-1.182307964016696689e-01
-2.628250969208478435e-02
-3.593786846445960470e-01
-8.014471452793697770e-02
1.796887405145152980e-02
-7.400643667624581257e-01
-2.758961998412844119e-02
-4.722287227461256787e-02
1.110433226987222466e-01
-1.664092770662376208e-01
1.385994354011634358e-02
-1.954557228652276657e-01
5.137546548042424277e-01
-3.721908356843551258e-01
1.016601502064115314e-01
-2.686488440561420332e-01
-7.083388793715594822e-01
1.399095765868727248e-01
-2.009174170061772680e-02
-3.653027464126227253e-01
-1.236378135413253587e-01
3.438847741807833647e-02
-2.064435031606174364e-01
-2.032544122965120048e-01
1.167248685510045153e-01
2.455293565419806034e-01
-1.112504077799863766e-01
-1.767478542919793949e-01
-1.880685900779585640e-02
-3.627671238156394695e-01
7.160542363730176829e-02
-4.473563809279122450e-01
2.336934599614923225e-01
-6.718013092343414483e-01
-1.624226426391117972e-01
4.081388833388037429e-03
2.261596955302463130e-01
8.504996915059495066e-01
-1.293616442639692332e-01
8.395409129420103866e-01
1.492361225515655143e-01
5.100780159470336139e-01
-5.154660666469713659e-01
-3.598031970147134717e-01
6.821677037078406336e-01
-5.060156634374179951e-02
5.217325627318061265e-01
2.391569743774230872e-01
8.938543822883184831e-01
-2.507001654805962043e-01
-7.948094758449034125e-02
1.233203891929828960e-01
7.165234240219631179e-02
-3.036608707554600550e-01
5.207215326175925613e-02
2.512058960244618055e-01
-1.777345719731793228e-01
-2.980436356317678892e-01
3.392961221277944750e-01
-4.704572989054699450e-01
9.227394824934666284e-02
2.138677674598640777e-01
2.685360856167599564e-01
-9.364496012409205539e-02
-2.944925960255155573e-02
-5.893598739874303938e-01
-4.584124906262354027e-01
-1.873141615690286366e-01
-4.481323604790946602e-01
-1.447648500888706023e-02
-4.126502985369824295e-01
-3.035003737101016896e-01
-7.733917260916159941e-01
-9.607320140518113005e-01
-3.013473503374436424e-01
-7.106909542303283533e-01
3.304839072475729278e-01
1.590938882606844074e-01
-6.929617520763078353e-01
-2.280454897716783502e-01
-1.007857364062452410e+00
3.646680084311029746e-01
-1.914183015497679385e-01
-3.773101766256379275e-01
3.470600424593622141e-02
8.808307482220015805e-01
1.235059879913884967e-01
2.325128612498148506e-01
5.168809191280619719e-02
4.670986088715522455e-01
5.530080784148788675e-01
-1.125080742793495847e-01
-2.553601566922440724e-02
5.849474225561147140e-04
4.156761226238284701e-01
-4.490924474748456824e-02
-8.825779466007878382e-02
9.969136562983653693e-01
3.046971900066143824e-01
8.396433661721200981e-01
-3.328374948516417686e-01
2.120655661168200923e-01
9.055952498342683121e-01
-4.256784454955932218e-02
1.104625953799960536e+00
-2.552216199142113839e-01
1.769734230820455001e-02
7.721944953089374675e-01
-4.529993946174308284e-01
-1.414930826375375428e-01
5.914605333084062000e-01
3.433283564973703128e-01
-2.803879177744861284e-01
-3.629264560181378330e-01
1.723354226147534585e-01
-9.141608455125126154e-02
-1.324755085408812760e-01
2.504749050849467973e-01
4.528613637237229317e-01
-5.134904385229729362e-01
3.440134967790017817e-01
4.352390296374919476e-01
5.298344448968791975e-02
-2.604269208353506282e-01
-7.437158776508324964e-02
4.513954234696047063e-01
-5.923371160594123053e-01
-2.446757127788155017e-01
-5.921786304688990699e-01
8.961673512626953109e-01
7.777536350091511785e-01
-7.157318368481310755e-02
5.065612489307578237e-01
-3.171248818526600233e-01
2.784362775901471077e-01
-1.551324187463451187e-01
-1.240804579096980581e-01
-4.407308284655190866e-01
-8.814478790521083906e-02
6.818430215574745878e-02
2.198265198091563510e-01
-1.683884580370752504e-01
-9.706095409875455104e-02
3.447763249632280758e-01
1.179796228404726532e+00
-1.185368479456705947e-02
-3.577879610297674540e-01
-9.587674809891179317e-02
-2.456328648380697310e-01
-1.003388651147399391e-01
2.432318657970301834e-01
-2.200759005543506952e-01
-3.788772015735095144e-01
1.508711070342634020e-01
-4.250076997868318385e-01
-9.247926044497965792e-02
1.490241663158108631e-01
-3.357536562188273566e-01
6.183880389198808530e-02
2.844013128533334211e-01
-6.100408960021364013e-01
-3.349279535583828404e-01
-5.854887561686539232e-01
-2.409368681267777534e-01
-3.271307107400089897e-01
-2.009013443886503714e-01
6.735647656483781387e-02
-5.113736835229626410e-01
1.457857588468211840e-01
-2.155927141109421630e-01
-2.619313391640335498e-01
-8.278013321781302336e-02
-2.923676980412411378e-02
-6.118811942137590831e-01
-1.751373351918028287e-01
-2.120906532896458044e-02
1.582558405298638560e-01
-3.957655896439687404e-01
-1.001095936400979158e-01
3.363499645757284662e-01
-6.870683586443412927e-02
5.023862220259021072e-01
-4.212952412983402839e-01
-3.333603649893138732e-01
5.332801700680347423e-01
2.077264118691098949e-01
-9.603648759844405358e-01
2.608482978881258574e-01
5.319156336600464607e-01
-2.983017564391481913e-01
5.214854875498373676e-01
-2.197534838067254637e-01
-1.174038520801501256e-01
-1.620340693330628579e-01
2.489425425115991963e-01
-2.256384180665060579e-01
-1.096200038623886125e-01
-9.661300012794513670e-01
-1.060999903532778010e-01
-2.789908843698736263e-01
-9.983661342705139052e-01
-6.548347430823343862e-02
1.679866637192513612e-01
-7.182507379620475252e-01
-1.227224112895603403e+00
-7.014893214400027555e-01
-9.605097977635851381e-01
1.167360374655335986e-01
2.001548369600482380e-01
