-1.207822526327422707e+00
-9.314769160388794988e-01
-1.040406624817590053e+00
-4.214350903199914899e-01
-1.073025541461491317e+00
-6.172468833038734504e-01
-8.570002912108037885e-01
-1.583904417332425041e+00
-1.105662306867313482e+00
-1.405562048987302193e+00
-1.102939397879608929e+00
-4.284791798941266494e-01
-6.548485189752106805e-02
-5.640266541820330159e-01
-4.051776271438604637e-01
-1.350290348954781727e+00
-1.017350342176765038e-01
-2.644247082885232691e-01
-5.660152073749449286e-01
-1.192274849097476747e-01
-8.275146894705005529e-01
-1.043182157552399181e-01
-2.869815627156812599e-01
-6.860134914505521264e-01
-2.220615970996792643e-01
9.306987712441360250e-01
-5.384680696818429091e-01
-9.823039302198848244e-01
-3.867574744256582209e-01
-8.743923279981495877e-01
7.309274930788237090e-02
-1.538242509891708520e-01
4.349016336222498169e-01
8.837680786929594801e-01
