9.348933275697580980e-02
2.351616909221662388e-01
2.941046053156786688e-01
1.303163389388543869e-01
-3.770826271321026102e-02
1.693467297453214171e-01
2.123717056520532942e-01
2.707486023414699128e-01
1.541626554299406759e-01
3.810710566389292064e-01
-8.191475346668844471e-02
-4.238027884379468035e-02
1.654509712548369593e-01
-5.017672902394194195e-02
1.405478176962453862e-01
1.336356341362065492e-01
1.367189721654528227e-02
2.880553434042700256e-01
-3.553547259405657327e-02
1.441667929054726571e-01
-1.306243158256612524e-01
-4.282585699363644083e-01
1.967124641219386016e-01
3.779613649098981787e-01
-6.119708082449112907e-02
2.735922108426674937e-01
3.835232796570471961e-03
4.032646617013386225e-01
1.517004752893012509e-01
1.331431494989922248e-02
-9.947092952832016499e-02
-2.667354047446526266e-01
8.526999682737497477e-02
-4.122720961525770667e-02
1.485777398771516156e-01
-3.324079338305276771e-02
8.832685977881326034e-01
6.206648857119848733e-02
3.914272262117102913e-02
-1.460207496081777218e-02
1.568402727337887548e-01
2.028097807642766093e-02
